initial: 6
0.23496 0.17733 0.21394 0.20477 0.08679 0.08222

transition: 6
0.15219 0.30900 0.52711 0.01017 0.00001 0.00153
0.14317 0.34188 0.44118 0.06903 0.00001 0.00473
0.51710 0.10146 0.02981 0.33483 0.00001 0.01678
0.10982 0.03023 0.01293 0.58120 0.01159 0.25423
0.10884 0.02269 0.00004 0.00001 0.69675 0.17168
0.36135 0.15606 0.03965 0.00001 0.30740 0.13552

observation: 6
0.49876 0.50548 0.23781 0.10218 0.04779 0.13451
0.01237 0.12885 0.47539 0.08441 0.11300 0.04405
0.03811 0.04207 0.25691 0.80777 0.14736 0.31541
0.45074 0.32357 0.02987 0.00562 0.10656 0.41938
0.00001 0.00001 0.00001 0.00001 0.03768 0.08664
0.00001 0.00001 0.00001 0.00001 0.54761 0.00001
