initial: 6
0.23907 0.26718 0.14546 0.14779 0.10723 0.09326

transition: 6
0.47315 0.39587 0.05909 0.03453 0.01402 0.02335
0.19199 0.48279 0.23668 0.05053 0.01403 0.02398
0.15694 0.12380 0.30861 0.32940 0.03835 0.04291
0.11542 0.08803 0.10248 0.47102 0.17295 0.05009
0.05961 0.04324 0.03759 0.04930 0.50416 0.30612
0.29801 0.07372 0.04281 0.03721 0.16925 0.37900

observation: 6
0.46531 0.50260 0.23365 0.09593 0.05159 0.11769
0.12255 0.17151 0.23584 0.11404 0.06674 0.07407
0.11856 0.11745 0.19972 0.17538 0.23506 0.24609
0.28920 0.20200 0.14956 0.09887 0.14760 0.30687
0.00429 0.00642 0.18119 0.51516 0.16756 0.04708
0.00009 0.00001 0.00004 0.00061 0.33145 0.20820
