initial: 6
0.18690 0.15470 0.05880 0.22121 0.19769 0.18069

transition: 6
0.21439 0.36053 0.03122 0.38510 0.00813 0.00063
0.00923 0.47164 0.22614 0.00273 0.00294 0.28732
0.02224 0.01755 0.16027 0.78886 0.00392 0.00716
0.00334 0.04838 0.02658 0.29667 0.44841 0.17662
0.00001 0.00001 0.00001 0.00001 0.49805 0.50191
0.77988 0.00021 0.01301 0.20608 0.00081 0.00001

observation: 6
0.00003 0.30371 0.02845 0.08543 0.31171 0.10259
0.07301 0.45087 0.01094 0.10373 0.00025 0.10638
0.42839 0.16865 0.47481 0.29943 0.30940 0.00001
0.49855 0.07675 0.44653 0.41960 0.00001 0.00001
0.00001 0.00001 0.03926 0.09180 0.00024 0.79100
0.00001 0.00001 0.00001 0.00001 0.37839 0.00001
