initial: 6
0.14930 0.16525 0.12679 0.20198 0.22159 0.13509

transition: 6
0.22231 0.43330 0.08429 0.09704 0.11115 0.05193
0.04373 0.37166 0.38217 0.03693 0.06589 0.09961
0.13566 0.04858 0.17126 0.59654 0.03514 0.01282
0.06764 0.12744 0.07155 0.29939 0.38261 0.05137
0.00157 0.01557 0.04003 0.00127 0.49615 0.44542
0.56341 0.01242 0.04515 0.32847 0.03429 0.01626

observation: 6
0.01988 0.31854 0.04115 0.01762 0.32923 0.07685
0.09790 0.43455 0.17768 0.04910 0.00819 0.04125
0.40839 0.15769 0.20582 0.37563 0.29450 0.05350
0.46918 0.07505 0.21284 0.53877 0.01922 0.01199
0.00462 0.01377 0.36251 0.01884 0.01230 0.81532
0.00004 0.00041 0.00000 0.00004 0.33656 0.00110
