initial: 6
0.21917 0.32585 0.13336 0.15366 0.10119 0.06677

transition: 6
0.16965 0.59249 0.21053 0.00014 0.02160 0.00560
0.14895 0.53190 0.22748 0.06485 0.00007 0.02675
0.54160 0.03192 0.01617 0.39024 0.01251 0.00756
0.19289 0.05370 0.07176 0.51755 0.00760 0.15650
0.03704 0.10727 0.00001 0.00001 0.62027 0.23540
0.43177 0.01249 0.00001 0.00001 0.46353 0.09219

observation: 6
0.40073 0.53269 0.13914 0.08154 0.03527 0.04208
0.00792 0.13952 0.54174 0.03294 0.09622 0.07164
0.01852 0.17003 0.26232 0.17592 0.14707 0.37269
0.56851 0.15593 0.00825 0.00001 0.07681 0.40108
0.00431 0.00182 0.04854 0.70958 0.02073 0.11218
0.00001 0.00001 0.00001 0.00001 0.62390 0.00033
