initial: 6
0.28875 0.16186 0.18690 0.17742 0.08097 0.10409

transition: 6
0.27306 0.31283 0.40158 0.00710 0.00049 0.00494
0.14549 0.31076 0.37620 0.05692 0.00006 0.11056
0.57773 0.03141 0.04324 0.33938 0.00115 0.00710
0.18675 0.01404 0.01279 0.57775 0.00133 0.20734
0.01299 0.09506 0.00001 0.00001 0.57638 0.31555
0.42848 0.02501 0.00084 0.00001 0.33636 0.20930

observation: 6
0.47413 0.64660 0.21691 0.09196 0.02202 0.09599
0.03157 0.05981 0.47991 0.08839 0.10657 0.07243
0.02133 0.22927 0.22806 0.18567 0.13295 0.31944
0.47270 0.06420 0.05731 0.00001 0.04503 0.41002
0.00025 0.00011 0.01780 0.63396 0.01328 0.10206
0.00001 0.00001 0.00001 0.00001 0.68015 0.00006
