initial: 6
0.18499 0.14495 0.15614 0.24580 0.11607 0.15205

transition: 6
0.33092 0.32254 0.17593 0.16993 0.00039 0.00030
0.10957 0.35694 0.37573 0.12722 0.01438 0.01615
0.01973 0.03422 0.30820 0.54736 0.04467 0.04583
0.00241 0.00853 0.07292 0.46069 0.32796 0.12749
0.20002 0.09384 0.01852 0.00001 0.17647 0.51113
0.50747 0.06955 0.01188 0.00001 0.05033 0.36076

observation: 6
0.11150 0.19345 0.05186 0.06740 0.04099 0.00515
0.10765 0.17193 0.06065 0.06747 0.03735 0.00567
0.78014 0.61669 0.61670 0.24557 0.04571 0.04965
0.00002 0.01764 0.26446 0.52790 0.01249 0.00000
0.00000 0.00020 0.00633 0.09153 0.01545 0.00000
0.00068 0.00009 0.00001 0.00013 0.84801 0.93953
