initial: 6
0.16184 0.15718 0.15711 0.17180 0.17066 0.18141

transition: 6
0.32892 0.36889 0.12851 0.10993 0.03530 0.02845
0.08802 0.31373 0.36260 0.13146 0.06143 0.04277
0.05809 0.07355 0.30445 0.41333 0.09217 0.05842
0.03616 0.04701 0.07340 0.35353 0.40418 0.08572
0.07100 0.05500 0.04343 0.02497 0.34553 0.46008
0.35062 0.08827 0.06291 0.02763 0.08386 0.38670

observation: 6
0.14696 0.16256 0.06855 0.05137 0.03047 0.02614
0.12001 0.13056 0.10025 0.07062 0.02353 0.02340
0.67554 0.58363 0.52272 0.26926 0.13709 0.27768
0.02153 0.10829 0.27749 0.49991 0.13363 0.01249
0.00072 0.00350 0.02007 0.07663 0.04592 0.00268
0.03525 0.01146 0.01091 0.03220 0.62936 0.65760
