initial: 6
0.23416 0.26288 0.14577 0.13362 0.11849 0.10508

transition: 6
0.46085 0.39180 0.05903 0.03913 0.02024 0.02894
0.18665 0.48034 0.23170 0.05248 0.01956 0.02927
0.15417 0.12756 0.31353 0.30662 0.04785 0.05027
0.12349 0.10060 0.10933 0.39665 0.20951 0.06043
0.06665 0.05095 0.04599 0.05864 0.47099 0.30677
0.29512 0.07549 0.04869 0.05001 0.16503 0.36566

observation: 6
0.45367 0.49343 0.21439 0.10210 0.05272 0.11215
0.12761 0.17203 0.21827 0.12831 0.06322 0.07108
0.11959 0.11605 0.18640 0.18360 0.22368 0.23339
0.28962 0.20571 0.16616 0.13082 0.14960 0.28305
0.00889 0.01269 0.21442 0.45159 0.18747 0.07050
0.00062 0.00009 0.00035 0.00359 0.32330 0.22983
