initial: 6
0.15820 0.16207 0.16574 0.16649 0.17611 0.17140

transition: 6
0.29160 0.30640 0.10238 0.09749 0.10422 0.09790
0.09487 0.29925 0.31086 0.09657 0.10119 0.09726
0.10489 0.10072 0.30222 0.31329 0.09166 0.08722
0.10580 0.10533 0.10052 0.30790 0.29052 0.08994
0.08225 0.08469 0.08918 0.08717 0.34226 0.31445
0.27185 0.08964 0.09559 0.09719 0.11834 0.32738

observation: 6
0.20036 0.24646 0.10421 0.10171 0.13171 0.10898
0.15977 0.19120 0.17652 0.14230 0.04863 0.04951
0.25986 0.22956 0.25254 0.29278 0.27109 0.26152
0.23714 0.18047 0.22797 0.28576 0.20418 0.21036
0.11070 0.11759 0.21273 0.14530 0.16800 0.23333
0.03217 0.03472 0.02602 0.03216 0.17638 0.13630
