initial: 6
0.20641 0.23630 0.16766 0.14253 0.13909 0.10801

transition: 6
0.41110 0.37519 0.08235 0.06425 0.02922 0.03789
0.15319 0.42259 0.28378 0.07330 0.02831 0.03884
0.14553 0.13503 0.32158 0.28883 0.05158 0.05745
0.13380 0.12451 0.10959 0.32994 0.22976 0.07240
0.06368 0.05633 0.05075 0.06404 0.49339 0.27181
0.29021 0.08515 0.06876 0.07716 0.16476 0.31397

observation: 6
0.46665 0.45036 0.23458 0.15218 0.08105 0.17410
0.16933 0.19725 0.20935 0.15639 0.06754 0.09102
0.11975 0.14326 0.33491 0.49548 0.41312 0.30280
0.24321 0.20886 0.22007 0.18840 0.15347 0.27687
0.00079 0.00023 0.00096 0.00540 0.04131 0.03243
0.00027 0.00003 0.00012 0.00216 0.24352 0.12278
