initial: 6
0.25827 0.29687 0.13950 0.14205 0.09058 0.07273

transition: 6
0.49097 0.41336 0.05007 0.02260 0.00817 0.01482
0.20316 0.51262 0.22217 0.04075 0.00707 0.01423
0.17490 0.12673 0.30367 0.34100 0.02310 0.03060
0.14592 0.09661 0.10454 0.51470 0.09872 0.03951
0.05093 0.03260 0.01662 0.01574 0.59156 0.29254
0.30542 0.06865 0.02415 0.01484 0.20721 0.37973

observation: 6
0.42270 0.48513 0.19902 0.06770 0.02809 0.07911
0.11650 0.17600 0.23820 0.08008 0.07533 0.07239
0.12480 0.12410 0.21911 0.17369 0.21001 0.24619
0.33193 0.20859 0.11945 0.07534 0.14392 0.31639
0.00402 0.00617 0.22421 0.60302 0.05621 0.02395
0.00005 0.00000 0.00001 0.00017 0.48644 0.26198
