initial: 6
0.22553 0.24952 0.14763 0.14136 0.12570 0.11027

transition: 6
0.45165 0.38494 0.06350 0.04403 0.02324 0.03264
0.18028 0.46335 0.24160 0.05742 0.02353 0.03383
0.14601 0.12189 0.30961 0.31340 0.05413 0.05497
0.11204 0.09256 0.10385 0.39630 0.23185 0.06339
0.06645 0.05245 0.05226 0.06939 0.45667 0.30278
0.29256 0.07705 0.05503 0.05744 0.15631 0.36161

observation: 6
0.47878 0.50567 0.23822 0.11927 0.06976 0.13833
0.12748 0.17051 0.22430 0.13769 0.06565 0.07458
0.11715 0.11466 0.18659 0.18440 0.22659 0.23330
0.26889 0.19890 0.16977 0.13084 0.15027 0.28301
0.00724 0.01019 0.18085 0.42481 0.22486 0.07624
0.00046 0.00006 0.00027 0.00299 0.26288 0.19455
