initial: 6
0.20907 0.24173 0.16994 0.14424 0.13648 0.09853

transition: 6
0.42084 0.38158 0.08161 0.06079 0.02281 0.03238
0.15734 0.43138 0.28497 0.07090 0.02204 0.03336
0.14751 0.13588 0.32721 0.29318 0.04428 0.05194
0.13325 0.12312 0.11246 0.34836 0.21446 0.06835
0.05749 0.04964 0.04411 0.05747 0.53234 0.25895
0.29641 0.08535 0.06665 0.07385 0.17036 0.30738

observation: 6
0.47054 0.45391 0.23203 0.14048 0.06760 0.17068
0.16840 0.20088 0.20953 0.14645 0.06447 0.09012
0.10691 0.13193 0.34241 0.53158 0.41524 0.30168
0.25343 0.21312 0.21536 0.17629 0.14274 0.28970
0.00061 0.00015 0.00063 0.00419 0.04444 0.03506
0.00011 0.00001 0.00004 0.00101 0.26551 0.11276
